14.31711
109.8815
51.14796
160.3442
157.7805
175.5750
121.2473
161.8492
187.721
169.4947
140.8879
119.2000
37.49091
25.01957
22.79820
0
0
0
0
0
0
10.62324
0
0
0
22.28223
52.6329
144.3477
93.8219
139.6688
187.2834
112.8247
170.1796
134.1929
90.87007
76.63679
104.8290
77.77952
80.05338
59.25845
3.165104
4.118153
0
0
0
0
0
0
0
14.57985
36.72097
110.4422
51.784
116.5769
86.67932
95.27534
169.7252
153.6469
102.1357
102.4133
93.9651
47.40445
51.57885
8.300242
0
8.257363
0
0
0
0
0
0
0
0
45.41098
49.1152
78.02648
115.5585
136.0315
79.32947
172.7445
105.3199
181.9667
175.0501
177.4771
67.73758
123.1144
107.1043
44.44291
0.9399437
22.811
0
0
0
0
0
0
0
0
0
