1697  218  109  165  457  196  300  376  851  635  511  343  566
1698  665   79  569  490  734  533 1039  427  737  798 1024  358
1699  541  368  343  208  165  267  404  523  490  818  119  356
1700  239  467   94  465  422  465  259  495  899 1041  320  627
1701  909  536  239   89  556  353  577  399  343  622  500  569
1702  597  444  145  663  394  823  267  419  490  480  851  627
1703  541  391  290  762 1260  886  909  206  907  582  442  130
1704  246  135  975  287  135  401  391  190  452  246  544  808
1705   66  335  338  312  124  201  338  658  124  978  356 1323
1706  658  472  450  561  561  533  754  688  615  693  775  635
1707  287  165  150  221  320  406  386  660  876  399  358  737
1708  871  140  615  292  612  704  335  894  442   69  262  594
1709  719  516  495  612  612  582  828  752  673  759  843  693
1710  498  358  343  424  424  404  569  518  465  526  584  480
1711  638  460  439  546  546  516  734  668  597  676  749  620
1712  645  465  442  551  551  523  739  673  599  678  747  622
1713 1161  968  190  467  577  775 1095  389  155  467  389  422
1714  107  320  363  345  170  300  381  345  345  282  213  236
1715  264  188  765  803  287  993 1217 1242  559  859  521  155
1716  526  104  119  305  577  503  272  127  599  965  269  437
1717  251  391  726  531  363  447  559  587  559  559 1115  307
1718  503  251  503  531  447  503  335  168  447  754 1031  838
1719  224  419  503  307  335  531  251  808  279  475  559  251
1720  112  754  531  531  615  475 1118  668  531  838  559  475
1721  419  251  279  838  363  782  475  447  782  698  975  307
1722  168  224  559  279  503  391 1115  643  112  503  503  251
1723  307  503  140  279  224  279  836   84  224  363  335  503
1724  836  279  503  279  335  559  838  615  531  335  363  391
1725  183   28  107  554  775 1138  211  757  747  345  328  462
1726 1100  180  409  190  500  952 1176   23 1389  274  368 1013
1727  676  579  589  150 1079  800  224   20  490  483  112  721
1728  866  178  698  973  455 1293 1293  470  472  643  607  282
1729  208  221  317  450  424  338  292  853  983  399  683  546
1730  127  345 1008  188  490 1054  671    5  589  691  439  422
1731  127  277   53  391   97  729  597  401  168  404  424  516
1732  168  655  371  632 1049  290  419  378  305  894  386  498
1733  211  356  660  523  170  815  472  993  422  279  160  749
1734  297  569  528  132 1234  947  328  521  295  620  523 1262
1735  706  531  671  348  610  622  937  444  467  292  805  450
1736  899  655  526  170  351  691  330  483  366  798  241  884
1737  145  721  782  257  414  399  236 1326 1161  732  218  356
1738  406  251  691  460  345  927  312  533  683 1003  577  490
1739  965 1026  381  914  615  483  671  643  843  185  815  526
1740   30   76  236  538  307  262  389  650  480  180  772  970
1741  234  295  124  140  815  465  450  351  729  701  602  307
1742  638  333   25  391  381  528  498   25  617  531  709  170
1743  206  198  462  546  264  226  716  429   33  462  290  414
1744  130  406  394 1118  135  434  239  513  869 1699  424  135
1745  147  137  716  615  269 1069  343  714  297  798  683  582
1746  630  605  490  358  424  945  472  206  427  434  406  472
1747  627  615  297  287  152  914  330   89  630  188  467 1694
1748  142  272  632  638  231  571  234  442  264  384  150 1158
1749 1367  330  444  366  277  376  277  203  561  589   69  434
1750  645  587  267  691  353  302  518  216  450  526  848  721
1751  744  356  876  546  592  422  942  389  671  419 1036  528
1752  495  511  312  251  455  556  597  386  320   94  315  638
1753  556  480  330  584  384  206  358  648  152  305  620  597
1754  584  378  518  272  302  531  368  714   18  566  676 1097
1755  284  175  330  688  475  457  559  780  508  401 1890  798
1756  561  475  643  975  124  615  536  978  305  792  333  490
1757  709  231  417  683  307   63  452  899  312  378  544  536
1758  447  584  401  277  310  483 1298  851  300  366  582  406
1759  368  175  599  406  282  742  249  437  335  678  295  495
1760  556  737  142   66  302  638  505  582  734  815  373  495
1761   81  386  178  178  787  655  168  831  716  671  488  622
1762  625  330  521   69  124  422  211  851  472 1407  427   28
1763   74 1204  351  295  249  323  777  549  584  409  737 1011
1764 1176  495  249  442  356  302  698  836  330  411  444  607
1765  615  467  907  579  343  251  130  516  302 1181  559  236
1766   33  617  627  358  886  759 1430  234  119  607  269  442
1767  566  732  498  384  729  617 1034  874  455  584  358  135
1768  455  582   28  859  284 1242  693 1008 1448  831  622  597
1769  462  465  229  384  566  909  493  599 1278  317  419  526
1770  262  307  406  582  404 1100  460  257  681  607 1275  897
1771  485  221  249  269  356  693  399 1146  328  831  206  693
1772  879  848  516  518  409  183  198  526  650  640  747  284
1773  368  386   63  381  986  775  345 1077  742  503 1166  498
1774  785  696  564  317  498  495  635  907 1034  351  475  505
1775  493  589  549  272  218  361 1270  462 1473  660  622  178
1776  353 1057  419   91  447  536  533  691  805  198  546  386
1777  279  391  384  259 1400  963 1097  282  170  942  272  218
1778  610  168  368  216  317  320 1074  170  206  785 1054  749
1779   63   71  150  353  536  716 1781  320  676  833  813 1407
1780  206  236  371  767  259  264  414  160  864  825  729  102
1781  531  526   23  122  196  315  292  859  531   86  932  419
1782  709  147  721  610 1105  206 1841 1181  630  549  282  246
1783  414  815  254  163  648 1095  213  610 1179  198  447  333
1784  765  401  711  691  368  935  495  620  444  224  851  605
1785  488  328   97   94  221  559  475  833  754  737  371  419
1786  678  297  305  335  267  615  236  325  605 1016  632  838
1787  145  409  439  282  414  206 1115  279  272  645  434 1036
1788  165  531  147  165  196  805  521 1044 1082   28  170    0
1789  556  615  579  330  566 1052  798  577  620 1034  378  406
1790  366   43   51  592 1001  211  617  648  135  422  894  785
1791  726  455  246  465  239  135  737  312  119  663  899  386
1792  681  196  615  734  551  526  597  688  759  716  152  635
1793  518  495  511  325  274  170  490  439  795  345  800  698
1794  170  224  409  478  653   66  114  439 1102  988 1184  488
1795  168  424  589  165   94 1128  470  625   30  856  820  328
1796  688  371   23   99  719  175  615  173  498  584  394  424
1797  485   56  399  622  551  904  645  927 1405  571  505  599
1798  500  130  211  404  378  317  930  490  805  980 1067  325
1799  577  620  262  627  549   86  686  726 1067  737  480  218
1800  973   79  292  711  513  305    0  653  737  320 1123  747
1801  361  224  401  150  640  229 1135  417  505  417 1019  828
1802  132  439  109  190  498  683  523  544  170  564  404  551
1803  462  259  175  417  472 1153  244  315  168  132  991 1143
1804  632  371  698  457  472  104 1034  823   97  851 1168  231
1805  625  315  302  607  328  930  945  688  513  574  279  620
1806  597  297  554  325  277  196 1412  384  571  320  917  955
1807  185  328  170  112  747  246  216  490  759  592  963  218
1808  328  231  104  597  417  386  820  848  815  960  627  307
1809 1123  538  312  935  117  371 1146  696  820   51  424  536
1810  102  409  691  439  241  213  937  825  404  531 1562  759
1811  287  411  150  323  861  551 1039  544  378  846  622  460
1812  411  955  551  417  719  770  551  343  163 1120  584  117
1813  188  800  206  378  610  323  546  251  432 1311  315  175
1814  645   84  343  503  665  587  589  521  320  610  617  876
1815  224  206  503  312  386  422  353  411  312  754  335  422
1816  643  414  437  561  587  732 1024  739  500  622  594  884
1817  792  218  566   15  930  287  762  716  297  345  317  787
1818  571  460  825  803  470  107  135   28  655  338  668  386
1819  531  556  310  617  729  498  353  371  955  434  470  483
1820  480  226   69  361  653  587  693  592  790  587  297  389
1821  571   53  696  648  442  526  721  648  607  876 1288 1313
1822   97  257  378  780  404  152  749  366  310 1090 1052  546
1823  442  805  315  488  307  353  762  650  478  711  404  841
1824  290  719  442  483  912  790  485  919  846  795 1057  897
1825  246  231  264  592  688  224   28  823  709  673  884  660
1826   69  437  414  226  610   97  528  511  950  546  739  452
1827  193  203  645  183  579  211  338  429  874 1052  274  798
1828  950  241  150  625  358  495 1123 1113 1031  302  287  452
1829   79  282  196 1181  137  622 1374 1069  973  419  488   38
1830  404  343   48  742  645  686  381  798  838  257  798  404
1831  262  584  490  505  569  353  648  409 1082  980  437  612
1832  335   58  381  241  549  734  226  919  284  785  493  478
1833  135 1031  317  704  175  681  404  500  401  615  617 1113
1834  744   97  224  168  310  424 1643  709  216  112  455  193
1835  190  688  518  279  889  523  109   48 1209 1067  511   66
1836  521  417  853  744  262  429  460  511  983  935  932  384
1837  803  531  142  297  282  345  470  805  241  632  348  356
1838   69  564  218  132  234  927  556  312  528  599  902  437
1839  328  566  434  378  211  775  754  478 1013  577 1105  599
1840  643  323   74   15  564  384  434  419  635  351  930  117
1841  673  196  343  409  559  635  922  696  960 1194  881  549
1842  274  343  467   38  447  409  394  726  876  442 1146  196
1843  343  607  122  419 1361  419  432  848  254 1085  551  150
1844  582  587  632   86   63  251  544  475  338 1069  792  102
1845  770  241  323  246  747  353  597  721  457  361  546  676
1846  737  381  282 1019  351  206  460 1166  455 1435  371  312
1847  338  348  107  239  411  338  206  389  429  452  584  470
1848  300  808  790  792   74  828  571 1217  569  759  234  526
1849  447  653  221  571  914   81  729  414  645  564  343  330
1850  371  246   33  462  475  363  693  251  612  401  526  297
1851  795  234  925  427  190  343 1008  526  109  521  142  160
1852  704  274   63  135  450 1214  589  960  917 1001 1605  511
1853  554  152  384  668  414  658 1079  485  622  978  236   79
1854  498  201  109   79 1044  396  622  457  150  676  338  328
1855   25  348  452   69  503  384 1631  376  297 1593  348  287
1856  455  269  241  564 1064  226  300  800  488  650  267  495
1857  655  107  310  531  168  444  317  706  963 1133  373   86
1858  244  457  353  602  551  292  660  373  272  467   97  439
1859  175  340  373  653  470  810  597  503 1115  643  660  450
1860  599  262  422  356  650 1359  716 1242  513  310  498  368
1861  117  384  584  274  269  582  533  150  465  190 1006  236
1862  417  104 1135  655  958  602  521  683  660  818  231  401
1863  632  130  173   76  353 1059  193  444  716  518  488  284
1864  244  185  668  218  404  523  170  317  635  325  490  124
1865  787  495  206  114  831  401  462 1102  119 1562  472  165
1866  871  861  312  437  335 1021  305  587  912  414  323  432
1867  561  317  503  429  310  345  917  523  574  411  198  328
1868  851  274  241  376  196  109  411  640  569  577  234 1321
1869  584  493  269  320  777  264  224  297  952  366  577  625
1870  312  323  452  102  208  142  165  513  348  653  345  663
1871  447  246  251  719  206  813  841  244  993  333  124  279
1872  876  201  442  404  724  361  508  401  348 1107  714  950
1873  551  394  343   99  343  759  526  523  597  726  490  102
1874  249  282  109  323  152  645  320  328  711  947  551  384
1875  871  236  155  409  373  587 1298  165  505  973  744  239
1876  208  447  701  521  198  373  229  490  622  381  673 1466
1877 1275  444  559  686  444  414  815  719  178  505  871  343
1878  302  282  284  983 1041  698  597 1656  249  533  622  330
1879  688 1044  246  775  998  963 1110 1283  668  246  196  193
1880  112  556  175  511   74  541 1229  175 1125 1511  455  836
1881  295  648  503  196  287  411  490 1212  561  612  599  673
1882  325  335  312  658  333  516  561  287  599 1471  597  503
1883  592  846  259  409  465  297  516  231  831  447  638  175
1884  536  401  312  320  160  556  566  180  490  282  419  574
1885  351  765  373  452  737  470  119  277 1100  980  749  295
1886  876  165  366  381  993  262  607  175  452  531  780  881
1887  373  142  389  274  414  307  208  678  551  368  775  348
1888  218  229  777  561  287  597 1125  754  366  338  986  353
1889  231  526  345  566  775  325  775  551  399  991  206  305
1890  549  231  389  439  358  841 1151  495  150  262  389  140
1891  409   23  335  251  643  404  749 1024  262 1506  488  739
1892  114  353  267  272  373  709  526  833  772  958  688  297
1893  333  660  107   25  356  218  460  406  279 1044  465  594
1894  744  399  307  373  399  559 1110  640  348  988  757  505
1895  363   33  312  414   84   84 1143  729  389  759  869  500
1896  150   69  732  147   48  414  328  401 1361  607  277  790
1897  442  597  909  353  241  693  236  668  495  145  229  544
1898  216  338  297  262  622  353  170  282  107  848  523  612
1899  607  513  142  602  373  343  221  114  536  516 1011  317
1900  744  805  236  236  251  533  317  673  264  409  434  648
1901  216  226  513  536  114  328  531  475  386  480  119  823
1902  185  216  444  124  622  942  287  876  640  353  399  351
1903  556  251  597  447  851 1831 1085  998  820 1394  455  409
1904  602  569  325  239  673  279  516  422  429  414  442  472
1905  274  170  808  389  190 1031  429  711  444  310  787  188
1906  853  429  262  112  457  721  262  196  444  808  986  470
1907  173  292  226  798  427  714  457  455  135  927  528  917
1908  462  305  612  587  338  495  620  617  358  551  173  528
1909  188   79  693  447  406  866  681  333  632  914  178  592
1910  427  701  244  269  467  676  632  709  114  551  790  897
1911  302  333  333  478  394  503  211  206  345  762  864 1130
1912  879  343  691   38  328  810  427 1344  544  579  424  683
1913  650  198  531  653  450  109  485  315  480  859  574  249
1914  140  617 1001  221  444  582  490  447  254  302  757 1666
1915 1064  841  203  320  803  147 1069  825  592  490  602 1369
1916  310  785 1003  259  422  549  353  996  411  932  993  571
1917  287  201  442  546  518  942 1143 1062  523  866  335  300
1918  747  213  229  803  462  295 1214  356 1450  287  533  536
1919  897  561  777  594   91  300  673  536  368  145  267  950
1920  551  104  297  678  384  780 1118  378  622  427  335  493
1921  518   48  338  269  249   51   38  251  447  112  432  330
1922  566  475  429  660  259  249  838  526  396  190  361  719
1923  328  714  526  399  523   63  828  399  351 1354  373  521
1924  638  104  216  861  615  876  952  635  749  922  579  721
1925  447  813  112  503  485   10  998  655  635  780  376  678
1926  592  579   48  676  439  861  437  147  373  518 1300   61
1927  485  864  556  452  277  643  762 1034 1140  323  683  942
1928  787  356  439  358  447  569  523  658  262  922  460  597
1929  185  130    8  272  323  224  658  549   41  693 1227 1125
1930  688  147  376  475  881  333  467  716  643  272  978  462
1931  272  373   81  930  630  422  739 1232  531  165  544  137
1932  409   43  328  566 1024   66  622  297  589 1270  257  117
1933  340  673  551  168  465  490  442  127  691  366  239   81
1934  305   56  538  373  112  254  810  450  320  221  447 1123
1935  226  584   94  683  353  856  414  505  648  503 1105  546
1936  993  409  229  427  130  897  597  122  714  455  709  351
1937  955 1029  701  503  546  460  241  757  516  602  351  874
1938  566   79   66   23  330   89  259  686  493  521  660  836
1939 1095  203  254  561  353  292  455  871  231 1247 1125  213
1940  627  406  861  409  307  307  683   23  348  612 1717  284
1941  625  490  815  437  475  490 1031 1499   89  193  643  396
1942  556  224  422  206  762  361  442  561  264  871  503  556
1943 1204  366   86  185  478  325  366  356  572  640  333  353
1944  396  170   23  333  175  384  424  500  566  688  869  302
1945  422  353  203  287  612  447  683  320  427  528   74  683
1946  353  574  297  485  879  706  790  950  879  338 1031  493
1947  343  302 1184  427  343  805  358  102  297   38  272  544
1948  907  363  147  315  564  424  302  729  315  465  404  513
1949  305  224  234  371  584  127  284  381   89 1331  549  373
1950  221  803  165  620  437  470  803  592  622  145 1046  401
1951  770 1270  730  590  510  240  250  850  530  210 1340  370
1952  460  200  690  300  600  440  140  890  650  680  890  600
1953  210  290  110  560  390  470  920  440  510  580  380  130
1954  230  500  490  100  450 1020  590  800  400  440  940  500
1955  490  290  230   80  940  550  100  180  450  600  230  450
1956  940   50  190  240   60  470 1510  930  510  540  100  650
1957  390  740  260   90  270  250  830 1000  610  470  580  440
1958  490  590  280  325  600 1040  630  866 1010  510  480  750
1959  540   20  400  520  130  150  400  290   30  480  600  800
1960  430  420  400  130  420  310  860  460  870 1323  963  500
1961  620  550   40  520  240  350  300  580  544  536  462  874
1962  720  160  340  420  400   70  590  620  720  550  510  580
1963  200   60  580  406  470  490  330  559  570  380 1140  170
1964  130  180  830  800  430  980  500  460  100  310  340  340
1965  500   90  460  360  350  410  550  590 1070  210  720  940
1966  310  690  110  920  490  660  700  770  280 1000  330  740
1967  310  520  360  480  980  530  560  410  570  900  350  540
1968  580  240  230  560  640  520  720  780 1220  520  380  710
1969  650  390  560  150  530  260  750  930   30   40  810  420
1970  570  360  430  620  200  310  660  540  570  150 1570  380
1971  680  130  420  360  670 1310  250  850  150  540  670  180
1972  540  460  500  400  250  180  210  110  280  160  560  590
1973  140  130  140  470  574  680  540  430  710  250  290  380
1974  610  640  300  100  250  620  340  620 1240  690 1380  350
1975  840  260  720  370  670  170  260  130 1200  210  640  280
1976  150  210   90   90  220   80  250  130 1070  950  820  670
1977  650  620  500  260  360  550  110 1270  130  540  520  590
1978  790  420  530  480  890  410  660  340  170   20  130 1140
1979  610  460  900  790 1010  430  170  330  180  680  530  930
1980  320  370  650  170  300 1030  730  470  250 1020  270  340
1981  310  110  920  250  760  370  600  580  900  810  370  770
1982  370  290  520  220  640  970  260  430  490 1130  710  600
1983  490  310  380 1020  800  100 1130  190  440  390  410  530
1984  780  260  660  100  760  340  210  250  800  810  710  530
1985  440  240  380  330  590  890  360  780   90  150  440  850
1986 1070  160  470  640  560  170  500  720  260  780  790  630
1987  110  300  490  370  520  850  790  690  490 1580  520  150
1988 1163  318  666  315  622  310  742  399  319  568  181  111
1989  282  419  605  658   80  331  355  578   95  472  231 1196
1990  780  930   50  400   20  440   80  380  220  440  350  630
1991  689  432  256  626  169  964  843  207  669  190  569  175
1992  132  212  407  587  680  740  662  764  778  676  942  361
1993  693   47  187  830  402  498  544  276 1272  840  346  731
1994  814  448  469  565  857  182  205  693  755  855  398  632
1995 1208  685  518  154  398  209  289    5  838  141  263  932
1996  422  444  291  271  274   95  286  462  192  372 1034  147
1997  103  551  114   98  282  786  346  705   68  449  471  488
1998  686   66  511  826  319  896  269  166 1012 1038  570  492
1999  687  211  256  350  358  982   86 1248  867  492  312  772
